0.5601056867913476
0.48392255128251
0.44539450476249265
0.4342251545136054
0.42465566746799843
0.419023479001042
0.4131127101498919
0.4074226056717451
0.4022590279172645
0.3965910700210143
0.3959295024690991
0.39484404880824775
0.39387130294493455
0.39211371976577225
0.38779871452634296
0.3858086259474133
0.38288158034185954
0.3826918847558553
0.38261213093078955
0.3805312036616637
0.3795167978786014
0.37730038724787884
0.37624015293705443
0.3760134147360372
0.37451183771990526
0.3733701904332279
0.37289843732070616
0.3717684039789375
0.3716860487299903
0.3696932295020343
0.36876720078100944
0.3657439449670559
0.36496630639355176
0.36100570901671936
0.3609638898844664
0.36086039663217756
0.359408140827922
0.3574706114914595
0.3565615205823686
0.355631288024229
0.35492457176079656
0.35492457176079656
0.35331996611397204
0.3532236358387426
0.35238155430345885
0.3518626554678144
0.3490301386611428
0.34865153783809755
0.3465187395341028
0.345923521955473
0.34521814111485005
0.34310180524802386
0.34307072176667397
0.34307072176667397
0.34106285623457167
0.34001510741120505
0.3399732882789521
0.33969546264970524
0.3396799209090303
0.3389395924619896
0.3389395924619896
0.3381196374732424
0.3381196374732424
0.3361660923040904
0.3357115468495449
0.33547898871001003
0.33547898871001003
0.33524643057047515
0.33524643057047515
0.33524643057047515
0.33479188511592967
0.3347066578432024
0.333373324509869
0.333373324509869
0.333373324509869
0.3333591065003903
0.3333591065003903
0.333025773167057
0.33223789437917817
0.3316015307428145
0.3316015307428145
0.33060153074281445
0.33000631316418455
0.33000631316418455
0.33000631316418455
0.33000631316418455
0.33000631316418455
0.32967297983085125
0.32967297983085125
0.32967297983085125
0.32967297983085125
0.32967297983085125
0.32967297983085125
0.32967297983085125
0.32967297983085125
0.32967297983085125
0.32967297983085125
0.32967297983085125
0.32967297983085125
0.32967297983085125
